81442
31623
75906
45984
92922
89949
34762
74427
48582
19877
18647
5654
96905
17655
45307
80501
23970
13101
65346
95335
67589
22380
17216
20530
14889
91171
57032
85878
3277
4840
92810
10856
43583
78745
7838
30300
80322
13617
62256
13482
6363
74134
58867
99351
57851
21549
27036
37950
54653
38788
98743
55901
8974
73842
71855
27090
71427
98874
35270
22594
69269
20191
49711
10692
46336
7834
90209
45016
1835
31742
27709
66581
23007
97360
1001
12991
34485
1592
15064
6687
46543
96724
6117
59425
60420
80296
54155
2207
62275
45897
95416
90648
40340
65006
50172
90683
30832
44166
11726
35296
43215
75266
71250
65064
15226
31547
84055
20933
98660
28705
4684
26906
15254
8330
73361
85443
4550
10576
74464
23025
18751
93830
9712
53093
69114
28288
21454
36754
68141
55292
77252
42635
11076
51970
55647
26706
38566
94659
14262
63293
82411
51433
32166
94214
71303
51020
29823
86340
75475
43370
17531
9327
19204
36294
73608
38848
27207
5333
68811
13488
5941
95962
19082
56819
73510
52926
30705
86786
45856
57348
63892
55903
30655
49358
75275
51237
25377
12151
99371
39679
44991
6814
92778
15786
74171
87451
1115
8623
95631
71008
69241
65178
78510
74547
81027
9155
13891
57188
25000
13135
90570
85644
33615
15767
41139
81959
62213
36736
86734
11912
70371
62418
7609
23478
84768
73019
44233
73052
80555
63342
80491
74224
79910
67097
73065
23522
29397
13868
33047
27467
11737
18345
15847
25868
71568
1781
38437
79581
49375
13458
73160
91084
55877
22882
82016
80333
5828
33499
36030
4933
76672
8726
36171
79228
12163
78335
34564
70833
63886
24882
3420
30020
40874
12626
97122
95324
36656
31508
39019
65581
27987
99001
58100
33502
47827
21701
58902
340
49290
83799
12281
76800
58255
38651
75543
349
45798
1975
76477
80172
88141
66605
87696
17232
70930
64971
98479
52728
85938
4704
88830
11148
83950
91882
42620
2027
6547
43361
79028
31218
2935
28455
62556
93448
27671
13656
72904
50370
10965
73729
62674
34089
40177
26313
22760
90376
29359
87157
30498
7976
56793
74465
12343
39181
14963
39054
50014
6866
29616
9132
84242
27866
51927
94176
5719
55720
94909
17413
53547
63093
68223
76046
85228
23426
76142
79282
79454
44954
55910
59868
4252
177
17206
55868
95299
4940
58045
50321
90802
75159
14195
45722
44020
49255
64495
38661
24800
85508
30546
31388
80359
94460
7384
33923
64133
56584
21730
83175
14313
51414
69538
40772
33767
62117
15649
53846
85364
86123
46935
73374
68425
24034
48314
12474
23334
29943
37199
1485
22189
67959
96565
88079
84281
29606
90997
19673
54017
21621
69067
43642
89376
48593
91483
90910
52702
11234
48329
84559
60735
74889
64493
25599
16054
28839
99012
29810
570
3528
81553
43795
65412
50974
13279
3181
27074
8320
41241
23387
41280
76254
9538
68020
41900
74003
56241
84784
10832
99982
83167
13206
36033
47447
20166
31947
91637
45279
50350
141
26418
58325
41971
87735
31013
45223
17877
31633
23145
87943
80249
4543
68702
63334
20532
15144
55667
85272
93449
11790
5894
71997
21936
78086
71461
1431
79961
53091
31053
40888
43353
80463
98940
56046
54680
61044
60694
75537
43857
77457
98605
79612
64930
36378
62198
27188
159
96148
71744
3964
49624
17898
14507
13967
64255
46428
20759
64573
7874
37948
91819
50095
99592
43684
15909
71258
86808
32386
51536
89133
92223
522
20084
18949
42339
59399
43900
21466
57749
68408
23441
26623
5441
66942
91716
25301
53166
5128
57858
45258
35697
75836
26808
70173
9664
87960
70716
38109
68048
21065
68232
13976
50691
10984
57785
8492
15979
40037
88570
70426
69386
50615
66270
62365
28396
52105
7039
98010
51356
50114
95674
79549
79394
12246
98693
4421
56651
17895
92306
19059
5381
77500
66137
59586
65801
93770
89504
10963
24641
61879
65589
3717
37673
61303
24350
76356
25578
32403
95738
86137
16110
83282
61034
77441
60050
5750
22096
53331
72136
37739
46840
13022
49428
45045
59835
71740
16219
49199
75923
13062
74142
77377
6828
81814
43769
61036
99444
40338
8799
2687
58723
16765
60007
49593
56484
81058
33840
9482
47403
91642
7499
49004
44166
91118
75634
39540
16254
87069
90220
55733
3545
45837
13510
17846
13952
10844
7475
5319
88790
93384
12175
63229
5898
21773
99717
3197
49965
23759
27183
87058
39244
18955
18122
92140
67292
18677
16925
9933
6893
82876
91733
46797
89361
59692
28478
69614
22598
72014
82961
80711
73894
42479
53446
50873
37334
62074
94266
28745
33297
59186
55513
92648
58352
1291
64233
63825
79767
46398
43905
55060
81470
41659
41810
23268
38889
78129
3848
1
25417
93684
44136
60406
70820
45479
46500
96180
57631
92965
56531
74341
68503
59104
46964
22249
45142
66379
13670
62358
46350
1098
75598
78874
25069
47190
67634
54021
25937
44086
52209
5741
6833
52756
53989
58457
68981
34626
68278
21552
48363
55169
73167
36009
87743
2380
67649
38175
19791
38166
2085
63049
54312
54691
64859
11296
85241
44967
13435
77397
87406
86331
67567
36944
37219
4985
72040
63402
39695
57824
41199
29732
95236
22039
41937
18335
60123
2248
28973
93020
38478
95737
40561
2175
52488
58765
77560
99730
14469
82286
27363
75361
21355
63806
84969
77910
73063
15266
32371
30245
4268
90594
68609
60525
43402
39260
6237
68887
46486
13991
77705
20143
965
28565
61882
1799
86218
84389
57988
21110
66330
52438
57637
94385
3926
91967
1506
20840
18538
28619
4734
26317
33806
66601
34714
42506
98889
81574
64529
30104
34046
83052
53888
61581
12625
62352
71997
79954
34331
8787
88812
17471
124
8465
70296
15122
42999
8129
43872
19171
37839
65614
32124
19978
88613
23897
62197
48763
96678
34194
40808
72789
82044
79237
86753
25240
32727
19558
39211
66865
39697
91083
24762
68794
68011
77840
44268
7762
73525
48391
4566
95006
36545
93160
28898
14825
481
75167
13689
97414
74123
17633
26963
30621
69949
41254
29562
29246
29371
28046
70556
67612
45731
3367
28894
52962
56451
22995
67954
39243
9029
71458
98950
58394
54034
5480
84042
98943
55280
99169
52682
29521
32846
41318
16941
78910
40690
72239
13981
21417
13475
6973
28232
13912
43397
34115
46862
14561
62491
85088
73248
36135
9231
95293
8572
65746
5925
19997
34217
95888
47612
5
85375
10613
69028
62448
52413
63628
55928
81156
82956
76684
75867
52546
46793
11588
17209
15323
63278
42777
19050
94567
80565
89217
85107
78388
57301
37923
43371
9576
43389
83658
54392
26340
43235
81401
75261
10240
60569
97019
49212
47970
43772
49713
28118
91875
13593
70480
64393
22260
80369
67187
33037
95590
28971
89830
97036
94246
68000
33748
39305
50529
41958
96361
18234
61192
98294
2533
25069
14745
3842
6445
90979
96528
38221
38770
35612
13254
55411
46185
18376
75316
83617
86738
68063
81164
65101
12646
89176
78700
38625
54123
5983
72136
21917
51704
58566
53700
41173
47702
89839
44661
65738
29192
81338
65969
33528
33680
44091
31949
12769
53383
89093
91283
3677
5437
88749
11036
61214
13724
27752
86754
87834
70293
4199
86205
42719
66226
68770
89939
74375
80418
82075
13264
48329
43706
86349
45795
74286
88306
3990
86093
44585
41746
5883
30792
98246
46992
47614
58004
8034
24838
50434
6281
30006
55707
56168
6745
62888
1215
10795
60367
97516
97708
95158
72046
18348
94698
91597
88241
79048
69461
41693
87904
7926
27716
1391
86431
28146
17839
43766
84772
90642
7909
25926
88227
67370
5025
47457
99637
32219
39751
57440
4480
7387
22908
22829
46676
26956
70957
24301
22117
19084
58015
19529
46380
29367
45481
67732
16093
35278
19956
36997
94799
36386
97433
90691
6269
11427
57627
93539
50462
60761
33192
24501
20231
72344
74342
31412
19722
53863
83096
45072
77656
10841
53302
22254
11724
68576
31580
24976
71778
784
40652
54643
52630
70555
54177
58275
70071
62951
30765
64174
95626
60753
60535
94540
19219
46363
35861
22774
22254
45525
80086
68744
57005
27356
77358
25043
83741
37302
61612
85988
10266
93043
88525
18645
64369
21960
38939
40886
75054
7082
55051
24573
11650
71203
41204
98671
83863
44408
2370
41467
44635
30754
25933
17623
76954
61054
76448
42680
65519
31830
16279
13613
8187
42923
77760
81111
13515
34699
77646
76676
30934
67057
15646
87567
5960
39736
13522
24483
7151
21394
15303
21443
89250
54802
3627
55326
96029
32747
32601
41476
52210
14966
31126
8544
72333
35080
32978
66514
62667
14838
44519
42966
69004
62517
64798
12763
47069
8648
63684
32034
98980
39422
67223
45627
72161
49969
12787
44768
55925
51695
6363
63285
44044
44437
73620
95084
2248
821
63774
1119
30731
70017
1502
32372
14059
42573
89016
47750
83940
97795
71593
8096
32631
8394
54473
31701
75611
50584
91383
58500
18166
47646
58578
66558
40426
11208
60393
60696
32555
18789
51180
81433
71279
36647
49390
40335
34761
19194
42938
11554
57703
92993
82343
86484
40948
89017
37195
55173
60402
5507
83610
26049
5957
53891
94726
15698
13790
72341
39135
80575
56274
75133
34780
32994
86130
5470
32626
44983
13070
33578
79948
71273
3549
11029
5049
37410
49585
57944
77097
49014
72095
29954
55328
93049
50677
80373
33388
98480
4070
36027
25251
23958
16607
91295
93200
51370
58033
81127
55281
38694
33520
2457
10882
21122
30881
57765
47617
50982
68246
29937
48952
69183
8540
43091
26884
37926
20112
74806
48605
89650
94724
90061
46329
9998
41171
52849
17167
56696
88987
68608
78176
97773
31517
20742
19982
75307
51416
90669
24624
96828
71998
39452
50886
83366
36281
36336
13542
29527
2811
56867
10526
7070
14216
45825
6793
48775
30523
28179
40379
54593
78135
53485
8662
70418
59259
66187
68927
81252
90030
67925
25641
71858
46013
24007
416
92120
37344
32424
27040
44833
52138
69518
53508
25907
67281
2511
8946
50480
41443
37243
15043
94220
6287
43861
56495
60218
79646
89286
53132
35760
16689
8627
3056
33555
94073
63320
93388
40765
81770
79750
40118
5526
67310
29152
46588
71151
66827
96156
53664
77382
68879
67984
52474
3854
63185
60695
40295
60350
35061
37150
29296
67459
70743
26255
50515
90844
63583
45553
88686
62719
22349
71699
86140
29468
31887
96008
94382
22915
32727
12247
25546
36768
4995
94217
70086
97474
84134
28651
76247
45294
85061
64535
50249
87772
25052
20399
24472
54918
48744
99003
63526
21889
95875
67776
462
45829
90755
90251
97058
21585
35852
58152
87184
52485
35051
48969
45691
72597
24223
40075
68193
783
10543
17774
85175
12025
92334
1089
84807
11252
75329
53434
64149
27782
32095
45366
48359
26809
8366
37439
17198
97474
7318
26985
53863
69326
5046
7512
6911
59725
77153
75689
84969
14151
5243
33778
75150
99677
92284
30289
28319
16556
93839
60545
89079
94920
54265
59491
49784
32838
36460
20377
26376
60974
18854
13215
51438
12222
49062
5988
51694
39398
44468
16974
59741
27460
10587
23281
34011
96612
49017
19171
77917
3415
65630
35953
38236
66878
62009
37204
77605
71121
61316
78846
26210
52073
43335
32960
38995
30196
24796
63646
47004
33014
73191
12038
59395
9385
15596
31370
64397
37433
11637
48691
15416
85786
40106
30743
95562
44567
58037
15639
25502
56525
49324
20111
83370
86932
74910
16756
12452
93117
72671
3006
19473
20442
14987
13970
65002
76884
11697
10001
84813
47680
60803
80870
71027
78912
78855
66722
92426
9344
34633
19551
37452
66375
46558
5931
12072
65561
78133
62304
42173
44198
24007
494
50666
86754
82756
39087
32438
23210
31473
93430
10424
28627
69106
27889
87010
83069
69891
97112
88295
50415
30769
95655
2699
4265
63385
78918
6547
79342
18689
80641
37355
84928
98351
90718
90288
68002
44065
38910
76179
54081
44633
58960
77759
83812
76398
97410
74213
38354
1278
82864
55364
63938
49191
89491
77766
99100
38889
6565
23711
81022
86307
2562
7763
71648
29618
41418
21662
71686
67014
17767
42924
18573
42823
5825
32846
71964
79984
60788
75314
66849
32712
50220
33292
18831
63401
55561
42940
75840
59776
8080
31791
83861
96435
35760
1370
61468
53511
23660
12750
51832
26655
46741
25757
69769
86725
97895
21930
60085
47737
46938
77929
24207
26349
90222
73077
31041
88460
69281
63296
28280
4901
49621
59166
83409
56478
14949
18697
83461
65536
50878
85425
74378
69240
79728
94643
24884
91983
40067
74599
31006
31476
65681
21640
37365
62242
60450
93149
43659
5791
31487
60164
61538
94543
62588
43761
18406
95560
39496
66830
17698
82200
47894
46764
11430
8465
20010
76819
59657
32143
84065
83367
8584
59779
95626
76687
11483
40109
37999
70861
43997
54642
65925
79753
7302
52768
90211
97920
40324
31035
66021
63135
79934
55246
6136
6955
26781
58451
82027
68358
9536
14635
84265
14133
32929
23826
64831
30416
45159
96210
98515
24510
9885
88921
46351
36408
89616
20684
36007
91423
23404
45988
14491
73946
85976
44139
11102
13352
45157
79648
51973
81355
82334
80167
39442
75853
48596
81636
54196
3907
39740
61986
58788
88046
18646
28314
85995
93426
32155
11136
97441
73549
7085
6405
48251
59034
56250
66908
57434
38559
99301
49518
63545
38583
59763
48807
60250
81276
94947
43414
53808
44623
62651
34232
30127
33185
36150
55742
81928
55542
52197
36698
52496
47255
72705
54051
82641
39921
96556
17010
34581
21002
46966
51309
79159
32636
98024
57518
83344
23440
80749
26139
13994
8804
34588
531
38682
75715
42067
95180
53026
5071
54468
53844
78171
2241
17894
61215
97481
29761
42248
6359
22811
77817
25152
61517
85112
52792
30478
40336
78269
15326
89129
93499
23292
96167
61664
37990
39132
346
12577
48468
19600
21027
50240
1021
12961
99960
71926
43715
75001
31727
92029
34285
71724
88121
74070
9595
55843
61422
31431
50312
87340
98329
53183
42119
3003
7701
2255
44822
89878
16232
60315
87654
5266
40193
73473
61881
18824
88762
86752
87068
58014
46221
97300
22385
14446
9966
54821
88942
72927
43798
51577
89219
25616
73553
56155
67651
46828
18150
68770
76435
78999
25205
51917
26619
81934
1660
75931
20018
17003
39720
88046
53338
58375
97601
32339
65837
79272
96350
44188
63406
54911
49992
50026
80027
53737
54238
41832
81249
37462
85241
70716
91314
3039
98864
41488
18306
2865
16396
44130
29126
54960
8036
87514
49987
68700
93275
23412
25114
57912
87647
792
63721
73069
44947
68332
92593
66449
9956
52671
27256
28566
16821
61385
5023
25568
39074
19916
4110
82472
22764
35274
7918
46193
5693
70665
74523
49109
23280
39933
71548
38242
65710
59632
67931
51052
18994
74296
12357
10618
57441
60763
16837
1143
29919
72162
6950
45379
43941
51830
66905
43968
76288
36674
22151
96518
14073
5196
15580
88416
56325
9592
93317
10112
40658
50791
7262
13910
27779
55020
55091
73920
52440
21937
72665
75191
81264
45438
17060
4441
4118
48598
20532
56146
2977
12306
77067
60365
76454
18706
32737
83265
60713
48251
80592
5248
74636
56431
45003
29291
89520
67827
62477
36556
10171
51308
48090
95285
21496
71170
87207
55506
60184
10508
49937
33371
50312
96271
8119
17289
23987
75834
46902
23247
5013
61157
85051
38375
24469
23823
92766
64553
29120
29682
63389
29988
33788
91848
90039
21516
9202
30031
44484
72430
33787
67306
76049
32942
42094
63097
21850
28950
67011
17379
39154
99054
51465
72328
72454
31241
81508
21604
34714
39952
38294
87101
87170
99256
6484
85044
42291
4568
6755
4608
41072
27056
8412
84862
56240
50421
80011
3199
70825
52791
80185
45897
20041
96616
78780
3437
96480
50151
98752
15324
64457
59499
92536
9395
87466
24465
31692
12291
81741
64243
90532
91834
58840
5648
94848
87189
81676
1086
39098
39509
71186
31821
33911
40268
87700
44981
21226
94283
17509
61212
35494
52937
71516
78486
22606
51427
71246
30635
84344
47482
23295
33193
13126
21128
50945
58777
10788
98270
67895
10792
12951
1254
13186
39336
13033
96643
89529
99985
31632
16447
88362
20602
76376
95243
15654
18909
71067
95680
80969
86093
84894
84006
65667
94512
95079
40825
26739
83941
91514
40308
59950
8920
43045
80474
62786
98443
83702
93018
63521
41248
67712
21127
63853
97195
21544
27828
37473
82360
65715
78893
44780
27082
13618
85773
98665
14680
31416
68802
86223
51093
95311
52703
19555
64492
48128
45197
56779
20964
969
14111
75820
5845
11945
48720
34117
73823
47219
86874
74859
29730
74836
78723
50081
52572
39717
69008
42216
59952
28552
63511
35337
14543
80339
30507
98329
30154
10220
54609
85585
66720
3579
31473
13052
42313
14982
43884
1526
48331
19367
75107
613
25358
8374
32686
40333
15356
42824
8024
99030
99289
57338
91399
40008
5588
34800
93209
1343
93870
36683
89339
78845
58204
4087
55185
15537
7046
25162
35230
43090
9954
59214
33668
90242
90139
80506
21230
19193
96708
61337
82777
62095
54176
97766
76524
8764
56007
38722
28462
26578
43156
31094
36250
47289
77530
58923
27201
20190
87971
46432
31631
70942
56078
41501
86964
46925
27880
95649
86983
63493
62893
95417
13423
74715
15263
86069
97622
75104
23922
85934
91138
25531
23049
64310
21322
31978
99169
1300
26809
31025
92702
90910
73695
84024
88231
15128
41538
88536
40316
45861
75719
31867
18494
61347
79784
9131
91353
67155
94000
33492
29144
84895
18920
54733
34838
24111
74343
41578
845
39428
65205
11367
60720
49943
93297
86684
62037
98071
25978
18421
68108
783
44936
10182
85509
48320
78532
89637
97758
35112
39715
30998
91693
137
87939
35203
76902
23826
59249
89893
30987
30986
31597
60072
34101
85433
74070
36097
45260
52235
55090
87180
11322
67953
947
70592
86300
21230
75506
29579
90665
70655
11066
95474
93230
96714
68906
1730
22199
98344
95165
24811
52481
92213
17754
65473
55340
48091
72054
8169
47346
6573
14947
27682
33384
21613
26603
50264
4813
41811
38082
8091
90591
99805
84192
31266
28744
74396
14475
7990
25440
36658
14038
99592
81754
26148
80934
92700
12306
38573
27721
72864
19784
6954
3905
16209
93894
55472
4708
48262
81677
87428
48694
91983
77694
8706
80909
28218
55384
64198
36627
60089
89517
29707
16306
51595
56172
35317
50992
99298
6088
61088
34144
87967
89095
82529
67859
63171
67255
43808
47070
31877
86581
37883
51674
46224
22849
59559
65143
87901
86161
76787
36601
96839
99302
28937
37764
93875
46634
17196
24584
28278
63770
24487
11621
56052
51117
24929
82558
3359
52877
58333
47975
95723
51444
39242
24933
41164
86962
19742
31263
98917
56650
68908
64092
44240
34572
62100
56865
60292
98803
54935
32356
23954
45614
50409
59825
34925
78237
46940
94786
6118
80330
28491
11663
74174
48422
9503
69648
29696
34991
50414
22750
16999
49669
56704
89175
76682
20350
79254
98340
1762
8256
45034
12799
44815
11838
54433
39341
42692
89308
86435
28908
64970
29444
37410
48262
35269
76494
45617
79946
80937
45786
68904
4276
44336
56166
15330
83759
53076
49413
50126
44390
29748
81048
70739
811
74176
52545
12899
27413
79054
43177
79124
73467
46719
77550
14378
67902
59458
60449
48554
74945
90782
96305
12763
96996
36050
1791
20829
85285
81170
69995
7733
42714
55587
20352
84862
30813
22726
28117
13229
62833
9447
30308
65628
37429
45046
49260
70778
60799
80113
36868
7156
3694
97752
49645
80890
72496
11891
15131
66895
93133
29167
15761
63296
23074
64383
79464
64991
58709
40860
4238
76428
65644
97078
4961
44031
16546
98966
32357
29999
63283
51524
56691
40155
7703
82557
31651
65165
37753
5994
72852
29396
32197
59069
6062
18869
89232
57789
73800
23117
30504
7024
51743
38544
73938
87292
52053
1166
17050
91876
55649
11047
95365
40415
20409
64586
8934
92511
74993
11475
60777
67565
85089
34798
37250
71560
15884
5414
38098
67124
8023
73789
9130
69875
86425
9003
27976
96409
48933
81619
24222
59562
94964
23050
60132
58379
9006
68922
10026
44435
7535
9867
50091
81754
22285
26341
42405
28729
78918
75906
96426
13902
49900
27614
98669
7743
25048
15181
6296
8090
55207
9653
32223
31597
95230
90484
98485
94507
93934
21988
26058
93120
8047
84602
68627
42895
57870
71176
64229
25514
70758
74374
7145
78154
99097
27324
53913
65038
41829
60092
42299
36011
14512
89598
68384
83371
62112
55981
58131
70067
45336
96461
23545
84726
1711
97174
8661
12926
33722
56706
66543
75482
67404
48770
31387
28463
33317
54296
47195
2134
55930
29643
44194
47098
96880
18886
84849
83977
31731
92309
17218
1547
60888
48919
15089
3467
14414
23294
12570
55190
90782
11329
92963
80406
90587
34034
69678
9758
41857
80871
41218
17068
54237
50165
77564
41643
94646
11347
31551
54119
36621
28411
1535
20993
18125
54014
15511
47146
12456
85827
86458
85360
51934
1723
95616
38334
42767
27562
68642
90701
1720
45152
48452
31217
79593
65499
7306
19608
36295
15612
27093
17631
81401
49709
14865
12290
45165
24958
20601
10865
76655
58620
96310
41016
94155
29784
29234
66679
26902
64642
78079
92847
32989
73694
41938
61265
35695
12535
42501
63974
36376
86756
91526
11271
87910
82795
9569
26158
46467
94902
49716
50853
47893
22445
11356
43460
47719
50888
69564
39974
84358
30716
32647
94202
58987
59835
37473
11607
4789
19143
37938
27296
58369
90455
83286
34150
12708
39875
67961
23508
62326
33463
93742
31528
61862
12779
20046
11321
32975
25043
11150
19334
1068
37041
15669
61413
85625
85462
28329
88198
62726
39908
52979
78105
76101
83141
60543
40050
3427
24345
49188
92379
95081
41110
9515
91107
89842
1983
12870
77824
45040
75254
6128
48180
20705
29937
54705
38066
99294
8191
39466
31183
85895
36834
4835
3776
49302
87081
49959
7145
60550
59434
33318
40741
82156
438
2953
53667
70371
28884
46958
70839
18188
26094
29087
90526
6059
62263
46817
73678
17072
90053
51254
77550
41894
35786
43235
67699
54073
65347
52042
88760
81549
51219
90789
88177
57423
23014
50306
26978
74486
28014
64600
137
54988
91221
15485
41914
92698
71685
36310
27396
84246
14931
31015
59573
72754
11003
62163
75997
68940
94725
97517
9789
55696
76763
27101
77497
85923
95987
46193
75053
99017
78950
1246
58605
92465
61552
61973
50034
71719
30721
63269
38284
46274
18305
67977
23285
76539
47716
36632
61593
69936
29992
1483
33356
16168
57992
49350
50985
59325
47911
2391
23761
12044
93560
17033
98488
67111
63863
63001
70345
27629
59650
56710
78242
9363
39959
35767
102
10245
78565
35113
1631
99638
50906
35822
50381
2740
75269
11176
17201
15072
93221
12326
90281
8743
3902
21310
23859
99630
26287
98290
94949
92342
16897
3638
96064
62453
39143
80946
84246
17650
8622
96513
69426
98590
26497
50859
23411
22391
67888
15126
24977
36636
96478
41009
64259
3279
32532
51896
54019
40945
76887
47704
10058
77904
92557
86162
84309
13913
30530
98233
20597
26453
72654
69878
49195
47007
82346
52049
85275
84181
40553
32532
85001
63341
39264
64105
60359
98493
32295
81294
23020
75995
79519
36422
76098
63986
21219
52603
47367
53394
19264
60504
10927
50310
21609
30123
47105
36391
80723
51611
19449
78410
38992
44232
54421
43777
99269
25066
85178
60808
55489
39885
43376
98432
74238
31756
73783
99704
71017
55387
41595
33928
89278
33853
98145
78094
23038
60663
71996
28943
49292
58479
60854
27352
41497
9140
32127
83008
52230
960
6093
45449
68683
68444
66860
87554
66982
60862
77937
56555
22389
67302
32835
18640
41469
8327
94753
39136
28637
63781
21656
74857
74367
25514
5832
5378
76811
24430
7898
20478
5076
16099
80694
25539
26517
8185
65103
13175
68399
21588
31971
25952
34545
31053
25540
15438
8959
10109
95499
87634
7739
84842
32419
86844
3743
24649
95927
85946
64753
61828
75930
74519
33909
66448
72582
61765
1580
22910
22
54013
44572
86775
37287
65132
97426
67904
55874
29979
87057
99538
81665
32654
90340
81989
29684
68449
99045
52372
39723
35000
67754
23596
65167
29846
19491
67377
27737
25532
85481
28411
94173
40514
62418
74731
18994
62116
18214
17217
64721
5976
53604
39702
70305
10410
21653
65542
22451
79432
46436
77751
19403
23653
39221
37160
98344
442
19262
88409
93000
66757
27343
13442
8156
74508
96920
32501
5720
13917
91469
82262
57650
26807
35635
76674
55447
72399
63657
35847
2632
68811
57297
26200
55457
88145
55969
68937
62211
28309
13751
38091
30957
5751
72528
92210
46193
19109
92968
29571
54781
5516
55528
78674
53398
36083
61043
18658
82211
583
37855
71639
3363
26534
9896
35201
3270
15406
21147
27996
35219
90240
80997
89912
23629
11491
53344
85104
84275
59304
26252
65159
46931
92850
85699
58488
88396
47718
31371
92503
38882
12193
95844
73745
10342
47526
64665
96999
86747
91141
15762
17019
98404
18869
24287
78680
22293
12463
66679
32903
41070
43420
47971
82463
94288
48099
12453
18176
5075
49121
32398
60478
87642
35545
61859
61012
30926
88354
86511
10625
33161
56260
62442
62382
66365
66254
67887
8830
32837
22243
96515
89131
73367
95351
56468
12618
15596
3043
55227
19256
22081
31584
57292
70137
89571
48571
15700
35676
44888
47692
59279
79911
43131
56748
76269
10980
3584
16555
80507
91015
51325
90949
72079
80371
65184
41777
17978
12292
44398
13344
60899
77823
55949
94466
15042
44589
66334
89986
49425
80639
66262
79246
45365
57896
78707
32280
90974
98500
73333
9923
74448
12157
47175
72467
41209
84205
57688
80824
84103
71544
33032
86019
69672
87165
75240
44868
59518
32762
8469
38897
69165
82525
16947
4944
86287
18456
2620
26811
33109
59717
66074
15402
93871
55775
22657
18810
127
3076
70923
71759
97335
86914
81085
55256
97763
55791
71211
48391
47880
39679
88749
13725
43745
63378
85966
22935
96577
96887
13639
57825
27380
13330
8077
52735
76097
77612
78658
91506
1533
74038
85314
93051
88839
88477
88047
99072
26431
66597
78997
15256
35280
41010
82343
22985
86927
38145
1539
99533
11869
43233
42450
8582
88703
51576
57448
22899
47087
29657
94260
88460
80253
73602
77558
25740
19295
97204
16932
89048
34981
45965
22721
33603
95302
76627
79478
51688
40991
31867
67708
54997
17443
9647
31513
31582
26689
34068
32646
62474
84556
47681
20067
81071
55737
40320
44505
53402
79798
74048
95400
10730
73947
88197
44494
70709
87428
47920
81289
71933
3440
92632
2228
44806
13102
23662
57034
36777
24674
56979
19973
49178
33144
82184
3440
38862
34949
19560
28498
80702
35555
3136
79806
84337
57024
19296
75584
1659
89096
98051
42451
25362
58334
91062
52815
63984
55225
74371
8744
9928
67721
30168
8589
93793
15361
95026
58243
72665
25477
95772
57111
18707
34880
75860
70178
46580
56857
39768
41290
77270
12252
84781
79301
73310
54410
67955
73187
99474
55573
23819
19832
45871
69338
37491
91407
77422
64689
34616
73064
71157
57715
84063
11425
87606
67198
64430
3795
81836
32774
29420
7155
55332
57035
81641
20065
89450
36997
93438
47924
53008
47965
19144
7527
53094
11126
5753
92045
37551
20082
93979
24043
30053
16426
82467
20732
54042
41225
33428
68392
70798
58546
91491
46196
85483
70007
86684
78282
77329
47668
75977
83605
18036
4670
12671
83643
78165
43642
87525
10368
22972
71879
14170
27836
60898
17236
68243
71913
15923
67279
39848
80979
9718
36475
61948
5014
69807
59240
97389
28463
29141
49606
35057
3380
80365
45699
19886
6546
82281
89844
24431
19086
34769
90762
57795
98401
44238
95129
44933
4414
29569
17706
17202
85722
1676
62099
52882
56886
82646
69031
83011
60049
35218
56345
72024
55025
7833
69930
50564
32158
89902
84701
19799
58429
70944
87286
73760
63871
51555
57516
12354
12745
93293
67872
46026
45599
74057
16230
6430
63648
97764
62513
43600
36152
44516
76281
24815
55780
10352
35266
10121
11757
64020
8027
97875
57406
73125
82689
37953
55094
17141
20655
1885
39524
10668
24204
88069
23540
59244
10580
62835
26141
51985
28111
41988
18856
69695
16430
43831
69039
8067
79075
45129
4204
67732
40763
22274
51235
9350
60128
27927
82832
57706
13871
20040
15322
25374
80818
53943
8855
53353
90763
38002
12901
7632
33243
55670
51293
72165
20251
72865
23124
72166
29587
64390
57185
34599
96287
83067
19609
2159
16542
24430
48866
89475
37391
11480
39118
51217
77866
74409
4041
26613
41879
52422
77410
80478
21420
13653
32063
81035
88041
65874
52238
56622
27593
27908
11623
59613
91720
59149
73696
12060
40669
56049
28118
24613
7133
60640
32590
54879
26942
64165
28038
99528
8776
46341
33808
38416
89685
31090
5571
98966
95353
92199
27421
49652
99157
6368
32853
462
37571
26910
30311
82100
60773
67702
27815
25753
14851
58046
91747
37146
96744
41469
57759
77259
43276
62303
70145
22589
12860
79723
96616
77154
90679
91468
1845
1897
34095
58009
56254
75143
19664
59253
20474
39087
96059
43726
5975
62033
11725
19901
8606
39858
54992
40962
64338
17684
40101
12091
96599
9728
55682
28339
71943
99907
63932
27912
94546
82909
17361
80754
38143
25124
78986
80333
20598
99710
99272
839
43382
65190
88632
68980
27114
34207
4061
58651
75123
15264
8910
7581
79276
40120
91730
6123
19105
21732
77771
4573
31180
73818
2370
21813
35896
75050
4176
725
51064
75352
54951
57225
98575
71665
24318
29213
8278
10478
65201
56481
27503
80859
56739
91646
79141
72502
93924
27206
38442
45146
39650
88790
91674
83932
18479
50229
86204
48762
78888
79634
78153
7439
25805
47319
27965
48419
72193
30934
83861
39027
2526
43280
6097
91546
1651
62487
28236
84906
17998
70037
93195
54888
8066
1195
36068
23642
65858
41512
15215
43588
26047
48048
33345
72857
62147
59335
81719
32396
84540
79582
64877
14631
58738
24990
35752
2809
72826
43214
82540
62358
61221
96275
29295
32148
16042
5443
18863
32673
96869
48732
46128
428
97405
76083
90361
55791
87239
89330
62905
70869
83481
24943
48301
92973
2673
40546
42244
17185
92078
46123
10993
47520
6106
79624
89292
98399
37146
99119
37577
74214
33030
77411
24794
67335
26494
34802
89649
2509
18764
63498
83471
51196
87550
9025
77299
21485
39211
79762
55398
69845
93216
61692
77969
40797
88902
11004
45339
46993
96833
84962
38157
31449
9984
90729
93252
82407
48772
10361
220
11560
85806
21743
26259
58872
16541
66455
32163
9042
95356
13410
996
27542
18964
82708
41270
47452
58805
59331
85166
82268
80754
65905
83251
95944
6106
18679
14353
5795
92111
96952
20084
18564
94119
42277
42090
89207
32901
29787
7309
65549
1535
40053
43430
29979
65692
84644
50550
92708
89874
72643
95763
68944
63618
90718
31058
66016
68901
14515
43101
94146
50524
62518
44240
54359
22974
22651
32965
31808
79502
19627
33152
32421
73421
214
77708
97376
75812
5965
2970
11448
264
33314
61741
76484
14996
67027
20702
73912
97614
62845
84463
41268
35902
71231
96146
98228
17741
84662
4797
95964
50537
43179
98029
87699
7983
26348
61837
92532
84252
48681
56312
86688
1445
38944
70085
76067
19478
2468
90083
71159
20857
66824
52812
41569
85340
56930
74387
38991
19088
14683
49131
7009
14880
69831
27270
11899
51143
91170
64087
63203
60695
52178
94538
4428
54979
83230
41122
63781
20013
7524
74469
83904
55036
82090
71628
29637
76385
68267
92936
20453
39908
90274
42220
13146
97115
96268
55781
93235
25753
92685
17300
17603
51518
57004
21333
8197
24122
98905
4115
92651
70482
37148
77608
66655
79697
75729
31467
32619
52588
14500
36054
9287
87664
62606
68712
39578
29164
78006
32484
60255
37480
97506
99127
36567
81008
34804
67204
45356
45435
27647
23360
40087
17994
31937
19933
95280
28222
54236
1148
74127
95762
25578
93
32548
3432
90592
12884
78682
74493
96160
63491
43331
71221
24095
37280
3366
96044
89718
71086
21574
99877
67176
33434
17252
26156
27504
12345
77272
23379
52825
53977
60628
27325
32778
30870
52588
95150
7960
378
89581
77978
9341
81585
11645
21429
85349
20931
21554
10174
26022
34640
39632
56398
76198
55868
78339
69819
88052
72066
26736
4337
78759
97494
59098
13279
28088
64037
8011
7411
62541
13988
87024
1421
8507
80563
44847
3865
59835
24060
14622
51450
49022
6974
5607
12771
89588
45378
91233
47855
50968
42112
10076
19457
15
73173
89882
78914
51758
27181
21476
18078
63836
78259
32314
48226
63794
51820
8388
8800
58253
21771
47466
86914
41829
72323
15916
40913
44872
14411
32183
33731
25093
4368
99886
14342
3323
95059
34845
89206
75209
35758
79896
37096
70263
74968
41533
12952
60384
57414
88637
74625
57983
53836
94967
6717
50092
95009
24468
76211
4310
75128
65344
50804
38294
55708
71726
75368
45916
33929
57263
20655
51851
27635
73942
52318
98252
12040
51314
34793
53375
89352
38867
88108
83182
92593
86968
36070
41052
80762
25850
76384
93003
82933
43971
22246
52611
88049
74840
16094
42074
57341
5193
38125
8860
13159
66994
23740
24665
10212
5820
6454
70837
62322
75054
10559
46625
56084
12778
92611
35374
52714
76335
40906
62051
84373
49372
80759
82097
77702
5198
53689
11683
91922
81514
36996
64693
20551
18446
77590
53445
38219
59987
92938
76028
6020
93540
61669
10352
10127
25412
92939
86662
77413
15729
85503
88766
88302
14255
91085
51757
51210
92798
98204
81710
42099
37754
22214
93291
49829
27939
69491
74350
30711
4507
98096
67467
97373
56812
21074
39460
87152
91698
59201
93037
64617
46053
68424
15907
71859
37828
13406
76544
1960
15720
8332
79903
21476
9710
90809
81840
45854
40062
47637
26521
33874
60709
32756
82263
55801
61823
97521
26176
33860
34453
89221
53073
61060
49780
8922
25040
64510
77087
13031
98647
36162
1162
59632
83708
50543
20418
95714
17022
91719
34666
20463
5418
66441
23960
24253
93890
67780
19849
46689
39800
2981
57520
71391
72453
80921
50219
35746
2546
93957
29035
95932
29497
2258
45464
98746
90752
69592
27550
93770
53988
52157
69967
67391
80299
19075
57296
71137
16065
11210
1235
17488
40172
18306
90320
77157
25290
32907
89722
3971
55680
15715
38375
80149
83590
81302
22608
32288
84192
67897
35855
30172
99695
48261
60825
12254
4196
21331
86741
93167
78122
37638
40388
26618
4435
90778
76119
64876
89088
66039
9565
45533
25818
87006
54218
34226
62942
47390
25337
30876
34479
633
12183
46735
58273
29172
6844
33373
53819
62303
59195
72776
75069
91312
73
57110
46984
72551
72739
58039
16129
59574
50668
71599
29896
71820
25948
34989
9249
96103
78572
57577
76455
82779
71654
5828
41065
79687
2640
23513
93309
44609
97390
96871
34083
45557
78724
3182
1985
29387
89391
56067
36059
6852
81168
2774
56037
87657
40743
46540
60221
35130
39243
8709
14309
73111
55687
82154
61764
24414
21711
571
86426
92853
45783
23617
62715
82661
35750
37487
83178
63437
98917
5279
6648
50998
71773
10500
48559
44947
26357
339
93013
92185
56639
53684
88384
35632
54543
51937
91630
44931
5727
77298
43703
16485
42197
24500
43063
33914
74189
53356
67490
38500
83872
3026
24805
91000
32987
8762
10817
62588
59623
30983
51144
89544
89790
90706
72111
30687
72996
77171
11657
41468
74039
56075
62136
72787
64565
37898
4496
69569
26168
70685
7780
6574
90985
49773
44092
28893
30907
60117
80910
59182
45502
66731
45272
38455
9996
91121
52238
60223
78544
16913
19763
30372
79854
455
54188
17288
9967
42477
75681
11831
34335
9400
19433
22482
99271
98459
85406
57301
79811
35789
49762
17010
56784
36121
16903
44999
86244
9625
26814
48048
1705
56239
11463
86456
88806
16279
94897
24072
42199
96783
91962
43111
7462
67751
1278
24898
2212
82741
45343
99261
9421
56530
69117
62484
10067
78942
51771
38590
61915
84461
2136
31767
99059
70398
83632
62394
93821
58559
21576
62906
13104
53217
95605
77010
94970
81118
722
64086
36951
95576
5805
68137
48174
29314
36805
10703
59443
11800
78696
80519
39832
22541
52113
89104
10722
46162
21577
40113
38906
99620
30414
64932
29808
94451
57870
38367
20417
26555
1341
84169
57418
36452
47286
57919
99703
67814
81131
68927
97559
93596
68335
55905
35814
92805
18844
60312
77928
75578
35119
89173
7107
46645
49314
97347
90478
94713
81526
39595
95648
91419
60579
82277
99459
16553
5505
80207
20911
4852
95340
40757
39681
11422
23001
31482
39378
38236
43403
61682
51850
40263
72875
24884
88696
29087
53495
58457
99498
23616
30450
74002
80673
9171
35567
38472
39377
27772
59018
55069
16268
87798
51345
44457
77231
81747
98726
7159
48232
61670
49598
79976
40797
66883
12416
919
45768
30436
95552
14599
50336
71104
27846
65581
40733
4574
34891
90935
26627
44095
54894
3621
90102
12614
43260
19038
11218
38723
241
77934
46269
11010
58000
87656
67272
24397
19303
35934
85145
79480
90650
48098
34125
44638
43778
88017
24436
10242
62474
17344
29843
13460
21345
74281
28200
92300
5998
396
89750
25854
65456
83083
21427
64522
35616
17215
80953
68770
93836
5717
56248
12787
28596
97366
99582
96942
3672
104
39002
99397
52967
26536
33054
87436
56152
83839
72224
42986
72878
30805
59778
12873
64582
5247
25744
96109
13609
67436
45477
23856
47845
32757
37024
98343
79897
38494
76449
79382
51674
5802
47423
88405
63722
34344
28045
20793
23656
71181
23268
38429
20381
61191
43402
42778
67295
85085
74568
51491
52985
54489
75511
71954
54980
25530
24776
44511
90585
77078
51028
47429
36364
19290
18448
42621
86702
71721
32002
74044
59842
13951
6688
5288
54853
61192
98156
91991
52991
12865
81450
11947
79151
4787
45456
1745
37133
30283
67915
33600
41952
55374
83689
79765
98269
27331
44643
1917
61071
85205
99571
49758
6532
66400
8139
59159
45488
56143
86146
15104
95049
15877
5342
17846
38550
99988
6912
69553
63786
14185
72755
97645
83575
4622
52019
64868
42603
89779
10534
74656
85703
73132
21057
52427
66038
42476
70398
24295
72696
33969
82799
91190
73720
33368
44340
43132
66133
26286
32509
95732
54381
69324
12036
98404
27210
58703
93259
57501
93732
60558
72863
60482
5830
64531
35067
77774
12937
70496
9991
15252
22043
31440
24940
77927
51570
82823
46265
53745
80633
3667
70953
44857
98924
70673
7714
86322
81570
5923
82046
7904
95536
37176
60681
9886
52305
77670
65512
90966
74408
74227
9413
6396
99116
45810
98665
91658
18229
23591
91502
5125
62701
48626
59723
66748
90378
93
39810
74499
14318
59005
52367
6912
71971
15612
37409
72694
20441
18838
48158
86519
25517
34864
20287
53577
67970
76725
46451
65376
60492
16158
64207
98943
41482
6266
67470
51402
65296
72545
96476
41112
70804
44855
62541
79295
16289
87342
33608
23397
40303
82308
88124
23849
62730
17132
24660
34193
4265
81964
29233
42707
93741
56090
8089
15278
57389
65233
46029
74881
25806
82043
69540
58839
93372
20291
41266
90417
7487
73247
213
69867
50752
46519
95710
91787
50878
63162
7833
29092
76816
36224
6966
2462
28866
1892
98434
10571
60991
67500
24307
58060
36934
86210
96992
60817
74934
93021
40981
133
12492
3231
8351
74246
96294
74375
61661
18588
40418
99777
27776
58503
5567
642
53486
16070
68344
48157
60835
36394
13667
90610
3086
83073
80110
14823
29605
90707
92728
99105
35967
17814
27658
91807
64183
8973
99977
1479
54503
43966
18903
86876
21699
43469
98112
72368
62604
3549
73092
35673
43864
18079
26568
73177
99094
63701
28453
4332
23614
30923
97309
38015
99084
80820
71983
19072
47909
32962
7879
61652
17249
49521
78089
32599
46123
56572
36173
31245
19340
29153
34395
51034
25612
56326
7887
90309
68444
12924
89892
57322
72629
23228
39713
98325
46812
96607
51055
50387
64017
92326
37938
50985
57416
7597
30057
84842
32057
8227
21743
45986
49969
89678
44511
70568
24884
79634
26856
71182
55688
44844
79316
609
46812
61814
73212
95381
38374
64907
7234
28967
69532
24747
17758
46913
130
87168
45098
56931
97823
19541
20134
25691
54764
84977
98281
69163
44383
22272
17660
33334
59121
49848
30987
80238
19088
83872
13035
379
11713
49799
12135
3389
30741
22027
63975
12760
16679
1546
9904
56343
97199
37790
25112
97806
51742
28607
49260
97019
84744
75749
78624
5547
97219
16683
71813
53313
1329
32616
97945
9037
96531
83176
31659
85222
89985
77892
81483
20640
23616
53048
43958
90545
69719
7953
35149
96403
75109
6631
98433
5986
93620
85309
17524
74378
40806
64815
41777
31436
22473
12216
38262
18147
25347
96854
19454
35178
43644
60634
43830
99824
37317
39271
53845
95189
53740
66221
81493
49239
76364
38862
84882
78983
92140
89410
49564
12615
93513
24303
54192
53316
43592
9043
14866
71028
84112
99526
97210
22370
36692
72415
71084
46631
91916
55159
18333
56738
11331
5348
29381
22137
82359
66237
23164
66184
31954
86405
73150
50112
89782
74297
14575
52982
74331
19124
61598
75997
83449
395
13521
98529
38815
44238
54696
1683
89351
9949
85586
11440
17883
85948
17536
54785
9693
32263
12137
26123
87941
6532
62743
9636
22396
59629
18405
83565
63682
15520
33251
10
5063
31653
11018
95071
86666
9106
84144
29247
44664
91004
40984
8211
55982
31486
97189
34689
3273
37371
95229
30674
44608
39794
85654
80974
18979
28398
53402
54842
35054
85754
40229
28956
94428
20790
85054
41457
73895
44925
90015
8798
98459
8872
46428
48560
32523
95435
77907
65412
81345
46601
66908
56816
10141
44918
50997
11642
27004
77594
95215
98876
29482
31827
91132
23699
55913
44651
15586
19099
866
1419
57495
49813
25056
35487
95963
6628
99730
28014
64191
3778
32083
55195
35969
89598
51397
68170
73535
31074
89102
11040
65846
50442
50918
69926
35307
84931
21094
75977
27452
29077
76981
48174
73276
99202
43233
10189
46636
40498
688
8420
53087
30533
90658
66967
6011
25953
1697
63985
14717
60907
11066
13805
64037
7681
93492
4323
63232
4971
21960
63702
79896
88131
1950
87357
17724
7372
26175
28162
88555
20081
36835
9659
22539
14344
22572
27514
39876
37886
13653
34686
64492
88444
67210
44231
67642
40077
84226
40327
67644
88041
57100
8464
79317
11444
74594
7672
35745
75296
43764
51166
29058
91128
96256
77117
6996
13680
13479
77284
31474
23741
63378
58698
94919
99100
89345
3065
18213
13186
39599
23770
21443
66575
48335
85550
4254
3422
70949
76964
5649
72117
22896
87813
68494
15721
69833
9021
81866
41896
76565
36697
8765
17650
24172
26996
89252
78922
17064
93453
10446
61185
65911
70160
86458
2843
37518
9632
71727
96968
5099
98642
41490
3156
62720
17677
70944
64284
91594
127
111
86438
17821
1787
29983
97775
52314
28080
85689
57730
531
54087
48668
46459
94359
90000
29011
22934
16321
16725
59016
23006
41106
61676
63146
44343
30841
35710
88013
40017
15957
35982
38115
36377
85133
74109
26719
47668
33349
23204
69737
90065
55056
59437
87228
15399
12267
19404
52441
9745
28749
91025
81984
89525
43086
39425
35636
26687
50348
27233
66446
68376
6018
21486
55893
70327
31793
37195
11197
65913
62300
89063
45513
51376
82851
59364
55026
59699
77619
32034
16807
58810
77037
93987
57174
78988
4914
33710
75617
58835
31499
92759
15313
13530
75770
7603
32991
92589
3672
47009
79586
39186
99857
61554
29979
71904
29124
62772
13466
17446
27887
11426
79923
65809
12250
56108
8170
50450
8851
15911
22082
46580
18589
37449
80320
5975
89573
82784
30431
69897
4387
63638
81101
77826
93934
11263
7405
23792
74143
2434
2008
6278
81524
75939
23066
68234
76694
66933
46600
38214
63530
88192
73709
55001
61098
51290
92743
34605
33994
94448
41648
57789
92288
12124
62800
22714
15955
97794
49365
11040
44580
27193
73083
55297
34058
65617
51074
37312
52677
21304
75009
37201
15430
43728
36485
640
71211
4345
67981
57057
85759
88810
38514
29685
8822
1037
494
3013
58205
40601
25900
25699
79303
40697
47072
70609
90225
73006
62779
97281
58241
44578
52705
4895
10084
24548
22095
99084
33521
68889
14454
8713
73919
76270
22829
35522
84691
37160
49230
12969
31625
90223
29803
77239
2370
47617
4211
75088
16244
51724
57096
60125
83271
20392
31876
23601
94548
38189
72904
42807
1367
42353
77717
57510
89794
36701
82168
1606
38192
96015
4481
59230
42996
95782
33225
45745
54747
5766
49520
38354
71225
44500
41014
14270
90676
42684
45402
53247
63576
54865
42404
15758
89843
98328
92454
1115
80898
93003
40684
95303
85078
57166
99830
83716
71214
43203
51176
66629
69038
62006
64761
70067
55508
90364
98
11899
96031
25707
69901
43014
66635
71635
71450
92918
20552
32838
17943
78873
58758
86485
67534
77868
59800
35594
99395
86235
21701
98008
66047
95018
97677
20554
52754
90265
39466
2772
55569
71862
50497
83318
16548
92685
91591
75581
53950
70948
9524
56009
83754
48219
56133
45647
59402
38151
36029
23238
8093
11412
75970
30619
28021
72611
53705
639
90565
46566
90223
17284
93106
55429
97354
97512
81830
69217
71806
53663
41405
44927
7873
86214
61457
99073
12677
53685
14652
41075
49284
38705
87623
79170
84743
6905
82080
84887
20571
88612
16732
96845
85788
34457
19038
795
78898
54211
75516
65418
20815
94684
68638
917
37624
99820
57218
10840
69441
63208
90094
77073
94747
66385
65726
8198
60820
17882
92776
26897
95221
96048
13685
85511
46530
9411
35101
69823
8961
46144
72591
98613
42884
99427
67468
48592
61172
58559
78093
76724
81086
71299
35891
39265
18602
11509
96255
96400
58003
88332
20118
29569
21145
42212
91126
9322
65043
35388
97870
60134
92889
78170
3884
33408
13320
57519
32235
12375
36572
17012
99016
99623
70427
71987
72154
39506
18295
59538
91721
16722
96216
81602
65937
99284
49472
58973
14975
47970
93611
75765
97894
72435
74161
33808
77745
47931
91534
60917
35054
35906
30839
35504
80098
64573
3228
76799
57887
70847
71449
60087
55342
23899
45334
87329
32834
12807
59322
55928
47916
13354
82872
21983
16461
5101
73943
32100
9634
83767
57817
65369
49358
7758
22583
20344
66518
41265
74998
18489
28664
5321
32309
4193
58867
9344
44200
62452
17038
5985
83629
43003
93183
54517
63846
59228
14405
42080
16543
50138
93965
92669
81682
60148
74504
29151
8029
19245
93883
95520
4073
42050
50772
92232
48788
46876
43181
91519
73327
23404
28064
70631
16971
99936
48247
47922
91117
20363
74236
28431
22679
35294
93670
24732
86649
62629
74490
38288
76372
66396
70924
47541
40364
23948
46493
78199
14410
44612
71885
55147
31401
47205
14721
99184
12140
75402
2835
19591
24145
39843
13231
27549
45309
80098
57669
57836
13211
26502
54409
46311
2371
14048
89099
61085
89795
42195
15044
12976
18960
35023
33592
68179
97255
7060
28764
51230
91716
86371
41667
81961
44510
31473
14745
72356
75135
98103
29942
60290
66281
68885
94256
1092
27031
35677
93411
50885
19900
3969
25514
46334
40512
99207
75396
7962
47723
34012
63510
70012
72795
5129
80395
11259
77282
17627
90562
51757
61359
99659
44258
46730
95065
90216
71478
76831
69798
38995
3420
35299
35284
90667
13348
42828
24825
67452
69263
52327
62211
78422
93663
24676
5964
16733
35608
38976
21419
82912
77263
75412
86920
93266
63246
92673
23263
29717
15268
70624
88675
29117
52192
53311
62384
87228
24881
98988
16230
75965
84610
35698
87962
24531
56378
21890
59704
1229
87882
5420
29699
88723
41769
92872
15710
41814
93314
88114
80210
77961
14869
19790
56041
51874
42724
38265
84399
54705
82526
87452
12446
11002
11174
53963
75483
4735
11189
42344
4613
25462
89679
65939
25859
25094
93527
39125
96149
36863
51729
96987
3251
73446
65790
38258
77377
9670
42057
67746
30
10390
96922
14407
86903
44513
19465
44214
48456
87524
80118
17247
5612
57944
7000
56843
95265
90677
59132
62493
15402
5446
40002
10319
11046
14278
10210
76073
1770
34536
25993
46244
82594
25908
97280
54893
72978
66026
48587
59898
18609
22391
70716
40894
7435
44967
67725
56910
63860
33294
50745
26862
25593
38520
7949
93913
29917
5430
69491
58813
23373
89330
12443
7290
52412
66924
49454
7373
40040
94709
16444
59842
47422
20808
44614
86325
82803
24056
44274
19269
50186
30594
99181
85550
84284
60372
36092
65788
56457
27244
7120
17834
12483
74042
35192
82566
1703
64884
93647
30368
65715
940
21821
52223
73754
98244
76613
2730
53056
63753
92040
37043
72818
51982
33124
82498
51554
31553
46859
62058
27342
29937
24881
58818
63905
59048
5046
19506
86194
33005
78812
58056
3387
84601
1074
17880
81564
83523
28491
86546
22567
66134
52791
51885
79465
83633
10171
55420
60186
61977
4957
82155
29905
29624
90026
92798
32832
25376
14297
47723
16944
95963
84324
49407
31068
24161
12943
88703
83149
57308
94425
92931
36244
55565
60193
3624
53509
85961
43655
13488
65351
88654
42460
455
50415
21906
1205
84592
77017
33852
20880
15229
41686
70665
82628
72992
75476
74137
3111
83030
86137
63704
57450
66837
84943
82864
99066
27885
79954
82355
95440
42274
73525
13337
78234
34496
73000
85403
68726
23523
23022
89884
49200
98839
75178
59019
64933
46219
6256
38310
46388
1149
64395
26864
29631
34706
79284
95448
89394
99874
49013
28141
8587
3184
17104
5128
64770
80568
11802
15169
392
39371
63819
46091
81093
43316
22227
48741
29165
98725
14990
57403
70733
85767
67781
1138
39987
37849
15259
52045
27975
88882
95159
2754
29222
10956
7557
76945
55710
21466
4011
17202
82869
68372
81733
18528
15898
12424
71451
31243
93375
46534
82719
78930
23757
61911
26600
19335
16996
49722
44495
81985
27560
13006
22348
16895
66124
44799
82606
38036
19464
33510
11482
45628
98642
9607
93710
81386
76499
85615
47726
71313
86876
6810
60060
78419
1807
1627
84975
329
26304
80235
56127
41365
47206
2261
19275
64939
38073
3602
89398
8884
36290
61960
17655
31387
99215
28874
32027
13347
94319
25432
14598
9353
27013
23123
65267
74619
47529
60917
81224
15693
48688
84681
7697
63244
61859
17317
26761
27970
36505
28672
47695
75167
66889
81978
41701
29085
54807
62701
83327
75629
58172
55198
29360
6990
49531
8437
81705
22449
34247
98028
12680
65755
66915
40025
15437
42161
8182
22180
22934
5008
95602
14070
18729
18992
82079
14156
71811
77746
82716
19668
18008
54224
5865
98181
43734
47301
95290
93416
92014
28536
5127
72376
14682
19555
47453
13366
76009
1978
37300
26164
68853
18358
7072
27449
98230
46880
77554
89962
95516
95306
76368
1102
60148
10578
4909
38922
80558
91550
88690
99809
76396
71062
96932
50070
41019
11872
52994
5665
57973
44460
92306
88821
17288
34768
18596
97869
54520
34522
61360
76765
6199
19566
17988
41762
78932
25302
93111
95209
24372
79397
60849
37638
31429
72027
87463
60294
61241
94813
62543
92281
80552
38977
5697
19490
78643
82409
80725
61305
95816
83017
73366
24844
54279
34217
13938
37073
97394
41105
16992
68728
27254
33970
91488
57249
74701
44662
1300
33174
34116
41194
65481
11451
42377
23377
83689
43757
66855
12108
72840
5965
57584
74313
93922
47849
78285
13946
4555
18728
94032
3135
96071
45386
44031
61361
4406
64865
20271
72045
24839
56486
14162
76144
58816
27392
37037
52814
68151
60550
34972
97271
85929
65471
10614
76124
33537
30485
80746
49539
68974
67035
4133
37953
24243
81337
92046
95232
81413
45258
13374
72552
1757
53028
62352
24541
65844
49634
74769
73561
5603
97080
6186
75805
55325
77828
1487
93814
48014
55064
57859
82329
996
56692
41874
22096
50329
49803
96509
70304
36738
65080
25618
69070
53748
42000
38709
66981
30058
81969
8705
386
73973
98501
44911
65031
64484
63267
78545
2600
13861
59580
23336
98394
98387
71389
49208
74989
33112
29119
83794
2899
7867
63449
76189
90459
56861
56047
20083
69206
84838
91153
44276
13798
31941
74227
23927
25169
16007
69264
23960
40549
31470
71751
47634
73315
61872
66591
20139
68812
8818
35758
86542
88948
55902
55543
33122
39040
99907
14928
41189
65228
68073
90953
14154
13845
7255
51862
10725
60970
91772
13899
5235
78741
59186
87303
61820
62834
4634
24758
33404
60791
60783
15879
37604
98647
35054
50351
95989
32347
81164
60818
21232
39684
93700
63146
72048
93664
97435
30206
21173
45324
36031
14491
79318
453
79286
62978
66984
51934
68260
51459
72698
94298
5396
7709
36210
4955
56628
83962
46373
12936
94981
70611
68257
90240
49361
76444
49070
89369
48469
35647
49714
77778
27367
55913
86717
47890
36537
4789
16429
76246
79603
17707
59377
43049
61662
83562
57160
41996
81470
24671
52310
66785
41980
52440
37625
33411
24178
13547
22754
30461
17863
30303
47034
26083
86935
1848
98053
7369
87986
74379
3766
25819
30634
75785
75641
80649
60726
1551
43316
96315
19994
54579
7196
72297
96746
81041
77390
3827
14672
46289
9778
69264
69198
78776
57607
2794
81950
90041
80820
4013
68081
71144
46879
5396
85883
35030
33649
89975
31407
96835
39250
247
99791
5503
24629
16722
44032
66634
49893
52828
13478
14648
84174
496
33700
56034
65390
99365
20816
86615
86878
68022
11996
69898
32497
72395
66602
47888
55952
38611
12787
82978
44000
73030
22828
41189
18519
8990
42050
44556
11624
2279
49393
81764
2734
14020
23945
26996
59636
91911
66690
56369
76202
22393
46638
16401
22729
5332
66772
39168
67484
23913
66380
74568
27751
90689
48178
74913
11056
12581
6248
14024
31862
65459
85304
56387
69378
61366
52690
1237
76524
36812
12210
61825
6646
22068
24796
50499
35063
30098
12340
18876
66248
75047
67736
72299
18949
87658
785
57015
32365
72578
7050
17942
18689
32470
99684
94371
43326
1999
5390
24748
54463
80505
87396
96768
9745
40901
1847
25744
79680
95704
53250
3389
29541
25720
65322
95332
80798
12292
50275
21705
25542
86679
21884
99856
86258
90197
94832
47117
66959
45852
62195
79583
87209
44786
35805
97173
39382
70821
478
32356
68023
31577
82600
11213
10536
98741
59374
52840
41347
48226
71327
45730
2708
53620
76851
7391
48520
3530
53409
94819
55303
3146
27489
18085
90134
56420
90965
65047
14376
94315
6545
17259
37388
56947
90505
23943
71877
7499
88039
18769
24524
16630
50555
70669
90864
35571
23110
87831
73985
88592
7137
29130
20034
57145
82812
51708
14550
61844
2101
65475
52595
45368
6703
47487
11405
69654
50623
92532
24385
83027
45664
31138
6353
99901
37577
13204
48524
86251
1318
3484
20348
43355
43155
85965
8306
287
48220
33354
40183
4740
79932
65730
47755
463
51696
58924
26885
92984
35007
50781
5104
23122
40911
53129
72895
97874
88396
10247
78531
16969
42990
23972
32321
27733
92910
35917
62757
84890
86547
8910
13609
26749
78100
31782
12389
54533
38169
736
30918
21395
12000
5730
14573
43907
80564
74283
62309
58715
29009
2014
32884
1275
47879
77635
63077
49848
64472
89079
70934
345
47613
68875
73216
6316
45400
75506
78324
64618
77284
70779
481
96751
51644
67644
77857
38335
89821
44390
18733
64374
67943
5237
59842
85428
80362
62133
22333
84712
88051
98002
92709
38078
72528
19023
95713
85096
15435
34921
76571
23556
68253
41074
7793
29384
61324
97401
57049
59134
13996
95849
56416
97067
78375
514
48891
22297
61474
62129
16494
79439
97970
75831
89033
67252
90210
95093
15082
34906
6405
88520
4110
91758
11918
62154
82323
7587
18740
34950
39086
13691
7221
92783
82190
4201
35204
1227
51113
11965
41837
50059
46318
69086
93839
36112
57573
81192
54829
18174
75386
82530
73334
45729
69120
83408
86135
92221
37039
91289
13817
23384
47735
92634
32421
20135
62529
13851
86851
18105
74463
62423
34837
29804
30550
24191
90955
38458
46775
75690
30267
58531
47529
46080
29865
50683
22036
70537
30442
49754
35046
24578
91927
16053
58132
84966
38458
76243
2984
26217
18509
43136
99542
63663
59401
35789
68968
52964
79301
97646
97253
43011
94794
37927
71657
2397
91666
9529
5141
99018
33036
70830
20485
94925
11534
28696
69022
286
18877
52585
80233
85536
52708
85146
36307
19190
45343
76317
92381
69525
57145
33887
62880
58933
57716
6615
39292
22812
35562
70732
28096
78507
71000
65991
15414
25350
18076
55364
18092
82241
73442
30483
70450
63264
59289
33913
54002
28452
44659
94925
29968
28562
64840
89605
67954
27342
94075
30193
96740
16483
12756
67739
46128
98990
78228
40208
21806
93256
66272
94815
35019
96297
67617
29339
45070
69311
63341
77284
63875
46943
13170
84201
72739
11871
92634
2886
83124
35108
16592
62275
76753
9832
18639
56946
989
31957
7210
94693
44540
36091
41647
22606
33519
29853
80160
72403
3647
51797
8975
78517
80086
68291
15114
81411
80819
4799
32590
54052
55562
19007
17683
53907
37786
36562
62174
24811
73308
1068
41835
19703
86287
80266
39750
87450
7789
25221
54806
97179
18355
88192
92329
49822
34203
14056
75909
10717
8503
88526
84701
45998
90000
84410
79868
69979
7869
10504
80617
22459
22709
87365
68628
23765
58891
74468
57370
87937
94019
95706
58119
78498
17002
20601
73704
71141
34323
25320
20019
57794
75064
18084
28151
43801
3037
78322
14640
97042
35303
16309
86317
8601
87775
29000
62937
25716
78720
37235
32054
46720
39531
93011
81134
53729
85967
54148
98389
83151
13646
73566
4484
68725
70940
86404
16568
86441
36402
84874
68847
89689
33662
92717
27034
51701
74230
24627
95539
11402
41790
74211
10040
58367
29167
30675
55937
57490
87496
3135
34090
84260
88057
36559
30841
39418
13982
84947
29129
516
55122
38114
68085
69540
4296
68810
53936
26266
15922
24322
63943
29134
30734
92840
60153
33837
29095
68142
32968
18892
66350
18114
48791
12708
736
49464
75665
56938
66807
28417
23860
68317
9947
35837
29099
2687
4267
3648
42564
35796
62793
19325
60556
63400
98420
66840
3605
7460
29515
46951
14219
47774
86909
31796
71073
86936
93928
47562
69683
60018
87049
502
85115
28011
45489
41250
57299
90859
29065
88968
75462
55283
90737
26243
73491
41297
56806
46676
53323
1663
68417
8578
82549
56635
7990
53185
61396
53280
1903
46669
83834
14113
81508
66288
75257
85259
10918
97534
73700
32240
99081
99625
43987
77555
99539
83370
64099
30146
35667
13640
74580
51284
76063
23633
55721
69482
33674
93867
82847
21982
16084
90243
57002
93446
84650
98785
33491
46896
57931
79772
35947
49267
31037
26620
19869
39857
29696
79302
12000
49923
36023
94668
47725
39314
8904
1621
75543
32214
94739
90163
89663
40890
86845
78441
26345
60915
18486
28049
79920
66888
41154
28310
31496
32470
21887
56380
61632
29608
68309
57586
49065
25450
23628
66512
94574
17056
84806
94685
91428
98287
98711
35626
69566
14374
96755
41401
10360
93901
46097
87754
41789
3638
66538
53128
38977
79301
54751
88415
68494
17123
10543
73853
17352
17961
20540
73492
89808
47089
78083
48153
15258
26908
41198
39371
91966
42909
79161
95397
52093
63646
75855
17760
30627
66350
23577
28245
8427
72610
38505
32729
61075
85827
51067
61168
41376
93830
93731
12881
92242
83735
27395
11789
54748
35178
27756
69183
60330
89347
71221
11301
71468
3514
97408
70067
86951
58064
80380
34297
3818
73026
72494
77373
45359
47295
23548
19340
95481
60230
49570
5892
33402
10923
16296
35191
39072
72829
14929
35848
60140
9433
40636
68098
40264
67483
77400
47966
57600
18426
26451
57368
29497
13321
38931
12953
24014
8530
17834
4518
91232
79540
35707
22158
12044
10259
35371
7811
60148
90289
76171
6043
18296
54290
23766
52424
2154
21810
36597
63369
67172
22690
90975
4801
72310
11668
98644
37599
68760
14267
57526
70861
93463
19048
23617
61861
95253
46394
35002
79711
97282
83317
84816
98211
66039
25660
92508
87031
4348
31638
12224
85093
78252
34921
43528
92312
33400
6608
65500
63084
92946
83447
20992
81111
45170
70389
81664
18686
55770
59101
87737
8598
63536
75614
83547
17119
78640
65667
68948
69909
91611
53877
4061
37667
41022
120
93263
79209
31794
52225
59783
94125
30096
35754
27087
91985
47864
50874
56651
87616
75378
6801
11124
94628
12456
25996
77397
36489
81155
47046
12528
41185
19000
60470
42713
61452
10134
89386
84941
15809
95488
96678
59776
86906
29974
89934
40007
76857
63056
85143
12926
68189
8505
11461
95783
91915
88936
18825
5873
24227
1283
46219
24339
46787
69018
9210
76611
69673
34720
99209
33766
58606
37547
79294
20710
64924
27729
33946
83288
35083
50755
49954
54592
40885
10957
34901
4095
55920
12383
56074
70161
2400
14105
5845
96296
49555
68888
80332
23236
74629
49273
11129
88431
45003
89687
83144
66417
98280
66622
50671
80920
52040
59759
91208
53061
38450
80170
85400
2865
40823
58802
99780
47596
18564
99496
63676
94398
43980
15782
23588
65
89045
83125
56366
59396
61904
9482
25128
33521
27312
74607
44106
81405
12601
87544
70117
58602
54940
46995
26092
62230
85540
15314
16854
92783
28558
6243
84311
50597
15717
12527
63883
31621
26929
42139
79337
28363
71444
58920
51372
35154
60804
85969
67381
37612
27624
91540
65437
91973
50843
93078
20873
4242
41995
91418
89581
54336
575
41384
42487
9353
94083
76774
61786
57015
71951
9440
30748
84990
37654
12630
67533
84536
91110
97461
48120
5815
76706
22699
41594
81130
96581
15745
15620
38018
87026
93310
46384
66470
83023
48615
47085
88277
29863
795
62584
40481
43334
89180
34791
49740
51008
16206
82346
97723
5475
28750
69545
30971
43255
4755
11527
49153
94063
19168
36722
17948
97855
37901
32588
19279
28055
67575
72250
49830
95797
373
67468
80525
84055
28064
72452
70822
13979
9675
79939
96743
99647
23384
58919
67266
8811
83449
20571
28105
94382
94843
46025
3824
90600
41061
89000
12609
1517
67951
94908
19754
20961
21781
40255
96504
89147
52587
28996
9724
75428
79538
48331
67588
5548
1867
32616
94984
14200
25838
99297
52889
2498
97791
11794
54133
32952
36429
29564
21095
5426
56956
21674
201
90569
21333
80029
10077
33863
43731
30640
80574
45743
19119
46866
40121
78108
22256
29871
74243
68170
88149
71039
50767
80707
17619
90891
45016
37458
87546
43116
74930
59448
16872
99628
79961
81090
73580
31299
8650
77846
65052
53735
90792
3555
14720
9485
23699
22861
60275
40234
18154
45648
37656
73628
89643
30564
17174
45650
1251
11533
27072
68258
51805
97212
85445
93551
68448
64144
20273
29969
92143
90883
88119
95250
23057
34300
45323
32519
18924
64344
78137
58805
37151
27584
23547
21737
63188
87787
24476
79837
49442
68508
46546
77539
15526
25342
6849
69574
84652
73022
33847
7762
97058
37233
94282
54952
87122
16697
83166
606
98187
23862
21615
86045
25811
98816
11277
13205
51950
15996
73426
86691
11500
9310
96472
36264
77047
32047
35593
34910
34738
92987
41107
58601
72876
55417
63579
25220
14558
72370
86134
24981
24266
73937
50540
73492
85583
24897
48234
47191
37467
12438
71831
70770
92076
91612
29483
4365
83398
20952
23232
46772
56107
2225
30308
39128
99167
47606
89137
74913
35637
24141
25531
6888
12427
28371
85512
29431
13591
13385
71558
77776
97799
56895
59103
81436
61964
32585
137
37791
87890
50724
47769
70491
38841
87373
68571
96256
46211
32252
93286
50349
67821
13616
8062
13934
21192
81154
21569
59400
67573
63061
233
2233
53403
65784
98758
51494
86692
79641
11588
85452
57372
30684
38287
12123
25705
50253
7925
93140
35015
80762
73148
50146
34612
82349
21383
51718
64367
29549
67811
24382
71795
11272
63377
52951
45856
80098
88308
67335
13090
93173
41242
8213
81841
29580
